# go2_eskf slip MLP weights
input_dim 8
mean 0.12914762552346432 1.5667836387910123e-05 0.0026594039308155239 0.1729183389925131 1.703959353627331 4.2650420190526663 2.0494163257893123 0.62138318356864264
std 0.14435848958019609 0.030147506631674096 0.12950849297093597 0.15783614153138695 0.70013419298545321 1.8315768194821826 1.7767629548199857 0.32547604332484509
layers 3
layer 8 16 relu
0.52181363105773926 0.034474130719900131 -0.062179766595363617 -0.55307340621948242 -0.01388334296643734 -0.25923240184783936 0.64501595497131348 -0.33338639140129089
-0.12465761601924896 0.014058926142752171 0.099823758006095886 -0.47640681266784668 0.27511993050575256 0.080738112330436707 0.14343264698982239 0.16779610514640808
-0.30393749475479126 -0.69559609889984131 0.19057050347328186 0.28471195697784424 -0.57984811067581177 0.20574188232421875 -0.57859504222869873 0.37418687343597412
0.24342598021030426 0.34529170393943787 -0.37514948844909668 0.43437999486923218 0.43013089895248413 0.42583295702934265 -0.080290935933589935 -0.41228032112121582
-0.036553435027599335 0.046587090939283371 0.0035133336205035448 -0.25563329458236694 0.13288289308547974 -0.33943095803260803 0.54156959056854248 -0.62938088178634644
0.15733760595321655 -0.01565111055970192 -0.0084529658779501915 -0.49013209342956543 -0.14306709170341492 -0.075246095657348633 0.62521517276763916 -0.50352609157562256
-0.6086382269859314 -0.43255594372749329 -0.10128680616617203 0.60566252470016479 0.1938415914773941 0.10573446750640869 -0.52702730894088745 0.58076035976409912
0.12437081336975098 -0.13407778739929199 -0.11548539996147156 -0.35859295725822449 -0.38995271921157837 -0.045197200030088425 0.54373681545257568 -0.40644252300262451
-0.55368697643280029 0.61673712730407715 -0.19502037763595581 0.54748362302780151 0.27444744110107422 0.28102302551269531 -0.1606956273317337 0.73479264974594116
-0.079606026411056519 0.18893097341060638 0.1824108213186264 -0.6434134840965271 0.035332679748535156 -0.52477461099624634 0.23268218338489532 -0.48810404539108276
0.45999765396118164 0.069972023367881775 0.18007940053939819 -0.48194345831871033 -0.089208260178565979 0.021139714866876602 0.50046652555465698 -0.01128601748496294
-0.10978454351425171 0.30998539924621582 -0.050055615603923798 0.096294306218624115 -0.71643060445785522 -0.34595471620559692 -0.55170655250549316 0.78513813018798828
0.56979233026504517 0.073034539818763733 -0.54121893644332886 -0.34463638067245483 -0.15301556885242462 0.014992682263255119 0.18622808158397675 -0.48220089077949524
-0.01915576308965683 0.37480366230010986 0.53328788280487061 0.087620571255683899 0.0044678589329123497 -0.075124271214008331 0.21464075148105621 -0.52365958690643311
-0.30674219131469727 0.027395728975534439 -0.066139213740825653 0.64449954032897949 -0.3385278582572937 -0.29761630296707153 -0.69839233160018921 0.68925231695175171
0.4540327787399292 0.079021856188774109 0.18333405256271362 -0.12487064301967621 -0.22002746164798737 -0.044958155602216721 0.17966587841510773 -0.5953291654586792
0.5275348424911499 -0.1950763463973999 0.25706467032432556 0.14956177771091461 0.45191863179206848 0.36202296614646912 -0.0069365585222840309 0.56873065233230591 0.14741703867912292 0.50815963745117188 0.37703922390937805 0.43914791941642761 0.33708015084266663 -0.23417913913726807 0.43658268451690674 0.49952980875968933
layer 16 16 relu
0.44157299399375916 -0.35981085896492004 0.079503774642944336 0.19993920624256134 0.12670941650867462 0.032263703644275665 0.0430712029337883 0.25175708532333374 -0.42080852389335632 0.24239610135555267 0.12443703413009644 -0.075483031570911407 0.37392783164978027 0.24009193480014801 -0.17031171917915344 0.50575459003448486
0.26455551385879517 0.040096215903759003 -0.062601357698440552 0.048537999391555786 0.43872275948524475 0.43693232536315918 -0.20696058869361877 0.4023703932762146 -0.37411749362945557 0.53584396839141846 0.41242235898971558 -0.40382304787635803 0.1300489753484726 0.26953229308128357 0.0014064057031646371 0.35281521081924438
-0.20509867370128632 -0.042370088398456573 0.5357215404510498 0.4377308189868927 -0.37693232297897339 -0.25306013226509094 0.42222064733505249 -0.13335849344730377 0.48823478817939758 0.2504672110080719 -0.11311841756105423 0.28566715121269226 0.031957510858774185 -0.049219194799661636 0.33807846903800964 0.019890571013092995
-0.24377149343490601 -0.12069284915924072 -0.23789858818054199 -0.25729480385780334 -0.14101250469684601 -0.047481328248977661 0.30225023627281189 0.11960002779960632 -0.10658834874629974 -0.23005563020706177 0.10956943035125732 -0.072028152644634247 -0.28455078601837158 0.036988437175750732 -0.14103539288043976 0.15701842308044434
-0.32801932096481323 -0.1398756355047226 -0.10079875588417053 -0.095630034804344177 0.019227297976613045 -0.060148227959871292 0.026912679895758629 -0.21064469218254089 0.030725393444299698 -0.022659078240394592 0.039451278746128082 -0.25369793176651001 -0.096275530755519867 -0.12430690973997116 -0.052124638110399246 0.03568534180521965
0.39105182886123657 0.11441977322101593 0.16849491000175476 0.33787870407104492 0.22059042751789093 0.405752032995224 -0.18123726546764374 0.41786059737205505 -0.054147575050592422 0.22993513941764832 0.11732210963964462 -0.15270458161830902 0.43196520209312439 0.20842564105987549 -0.37759390473365784 0.24408401548862457
-0.35867762565612793 0.10803072899580002 0.52876275777816772 0.32877832651138306 -0.34151291847229004 -0.35412138700485229 0.56113982200622559 0.05673203244805336 0.45373392105102539 0.41091737151145935 0.060845162719488144 0.49057111144065857 -0.085563145577907562 0.070430934429168701 0.51735806465148926 -0.32246363162994385
0.18558257818222046 -0.097248449921607971 -0.0038284235633909702 0.46035864949226379 0.33300209045410156 0.4854280948638916 -0.27536383271217346 0.28814589977264404 -0.28619667887687683 0.26427647471427917 0.26338797807693481 -0.22753535211086273 0.28718563914299011 0.43977090716362 -0.48648852109909058 0.31620118021965027
-0.18918371200561523 0.18742622435092926 -0.13081604242324829 0.16158246994018555 -0.11493003368377686 -0.2772904634475708 -0.28031063079833984 -0.16669750213623047 0.015967100858688354 -0.11293306946754456 -0.00089762994321063161 -0.041531741619110107 -0.1717761754989624 -0.2117505818605423 -0.034238442778587341 -0.20653000473976135
0.084086894989013672 0.038438394665718079 0.011188785545527935 0.26613041758537292 0.2395758330821991 0.34908446669578552 -0.056522659957408905 0.50365447998046875 -0.21266184747219086 0.50994783639907837 0.29071983695030212 -0.24996834993362427 0.24815021455287933 0.078443586826324463 -0.40847450494766235 0.23213161528110504
0.29456332325935364 0.32260629534721375 0.062865912914276123 0.47793027758598328 0.49342325329780579 0.32890236377716064 -0.17144910991191864 0.038057833909988403 -0.16380645334720612 0.43792673945426941 0.33656609058380127 -0.16064618527889252 0.29590967297554016 0.17654706537723541 -0.48555570840835571 0.25856199860572815
-0.021566541865468025 0.058999147266149521 0.40187293291091919 0.43247944116592407 -0.36915087699890137 -0.061939768493175507 0.42894423007965088 0.10006508231163025 0.29111939668655396 -0.092715427279472351 -0.3657839298248291 0.36096575856208801 -0.20451794564723969 0.2504807710647583 0.47693419456481934 -0.088820755481719971
-0.10753243416547775 0.27187728881835938 0.085018359124660492 0.37995791435241699 -0.074178844690322876 -0.14180193841457367 0.56124019622802734 -0.037063624709844589 1.6035095453262329 -0.16689275205135345 -0.076698042452335358 1.5293228626251221 0.025715405121445656 -0.16781315207481384 0.6183815598487854 0.1358470618724823
-0.22032223641872406 0.022827953100204468 -0.29479125142097473 -0.23115880787372589 -0.25326228141784668 -0.27707090973854065 -0.20370027422904968 0.0019877685699611902 0.11948253959417343 -0.036341473460197449 -0.090738236904144287 -0.015112094581127167 -0.1744435727596283 -0.22765317559242249 -0.17088939249515533 -0.17449414730072021
-0.081517867743968964 -0.072791725397109985 0.34315872192382812 0.2841494083404541 -0.28028449416160583 -0.32891985774040222 0.5366329550743103 0.11528250575065613 0.22061985731124878 0.17884610593318939 -0.11124914139509201 0.67689400911331177 -0.087028302252292633 -0.19303916394710541 0.59542417526245117 0.056652139872312546
-0.12018647044897079 0.03249092772603035 -0.40898817777633667 -0.048602290451526642 -0.087354466319084167 0.072534285485744476 -0.019289107993245125 -0.21114328503608704 -0.28000974655151367 -0.078617982566356659 -0.31243553757667542 -0.34266507625579834 -0.21354156732559204 0.033726803958415985 -0.05592074990272522 -0.024130566045641899
-0.18141759932041168 0.056216727942228317 0.53826463222503662 -0.19263488054275513 -0.17245717346668243 0.059565864503383636 0.40333196520805359 0.4184589684009552 -0.25698482990264893 0.29798072576522827 0.12533177435398102 0.40254679322242737 -0.27325007319450378 -0.11910650879144669 0.25391712784767151 0.042921055108308792
layer 16 1 sigmoid
0.48844850063323975 0.39865514636039734 -0.60223960876464844 -0.11642671376466751 0.025864861905574799 0.38538327813148499 -0.5503961443901062 0.3440297544002533 0.16064766049385071 0.4715457558631897 0.51231515407562256 -0.47231090068817139 -0.50111067295074463 0.081565052270889282 -0.56256240606307983 0.0076222848147153854
-0.32068094611167908
