# go2_eskf slip MLP weights
# trained 2026-09-24T00:37:39 by auto_train_slip.py
# hidden=16 epochs=1500 rows=21152 runs=3
# source: run_20260924-002833.csv run_20260924-002834.csv run_20260924-003732.csv
# label = clip(|v_leg - v_truth| / 0.3, 0, 1)
# held-out check on run_20260924-003732.csv: candidate BCE 0.6354 vs previous 0.6745
input_dim 8
mean 0.045861448190269556 -0.001915251901114311 -0.011304251396459011 0.24171578945584848 7.9283970696062624 19.628459292837672 3.6463335456599757 0.50004727685325268
std 0.11617182191749011 0.14964339234154955 0.71009200492084956 0.12243320027623657 4.9372788461260093 10.761814696194268 1.3131403637852956 0.0048617066474100391
layers 3
layer 8 16 relu
0.31396946310997009 0.25926235318183899 0.43378493189811707 -0.33099791407585144 -1.697822093963623 1.5232888460159302 -0.27269044518470764 -0.064879246056079865
-0.13895981013774872 -0.62424206733703613 -0.70772910118103027 -0.079548127949237823 -0.2767278254032135 -1.1999295949935913 -0.0085605597123503685 -0.042515471577644348
0.53637796640396118 0.40348145365715027 -0.074546471238136292 -0.75729644298553467 0.45126074552536011 -0.18422211706638336 0.018006416037678719 0.074625827372074127
-0.35816970467567444 -0.46433797478675842 -0.13641096651554108 -0.9826933741569519 0.13302761316299438 -0.62992453575134277 -0.30529722571372986 0.18235015869140625
-0.39396271109580994 0.12869724631309509 -0.12586347758769989 -0.17913295328617096 -1.1747597455978394 1.437713623046875 0.21689425408840179 0.24295513331890106
-0.43200069665908813 -0.38339626789093018 0.32698646187782288 -0.32718807458877563 -0.87048113346099854 -0.10792548209428787 0.64521795511245728 0.0047098975628614426
-0.11090885847806931 1.0691550970077515 -0.74168837070465088 0.60908961296081543 0.42683327198028564 0.27176645398139954 -0.58345168828964233 -0.2066834419965744
-0.46572738885879517 -0.80261451005935669 -0.56177592277526855 0.070560179650783539 0.01896965317428112 0.15117259323596954 -0.049178697168827057 -0.20172882080078125
-0.0089714303612709045 0.90892863273620605 0.37145301699638367 0.61900615692138672 0.15277977287769318 1.415105938911438 -0.23692409694194794 -0.099991440773010254
0.19827866554260254 0.89540934562683105 -0.18075692653656006 0.36340788006782532 -0.26952192187309265 0.14658813178539276 0.02104492299258709 -0.62635380029678345
-0.24307790398597717 0.29899939894676208 -0.28873908519744873 0.24936018884181976 -0.32481276988983154 0.28021436929702759 -0.29878655076026917 -0.71911072731018066
0.23037804663181305 -0.82109671831130981 0.21775065362453461 0.30191299319267273 -0.32083401083946228 0.5337715744972229 -0.41437926888465881 -0.37739017605781555
0.086344040930271149 -0.3603973388671875 -0.54748713970184326 0.10852192342281342 -0.56380689144134521 1.231143593788147 -0.58988660573959351 -0.4646279513835907
-0.98587942123413086 0.34319838881492615 -0.38413369655609131 0.10860862582921982 -0.49422243237495422 -0.70495337247848511 -0.073802284896373749 -0.14738789200782776
-0.87898731231689453 0.42939293384552002 0.022551238536834717 -0.74089634418487549 -0.0069896653294563293 0.23930035531520844 -0.10946440696716309 0.032019119709730148
-0.48713400959968567 0.74288070201873779 -0.17128373682498932 0.21915075182914734 -1.215782642364502 0.57813006639480591 -0.36302903294563293 -0.42099443078041077
-0.11194530874490738 0.031893853098154068 -0.1500607430934906 0.14042763411998749 -0.087131418287754059 0.08413318544626236 0.30034053325653076 0.26217454671859741 -0.0204935222864151 0.37498590350151062 0.62905174493789673 0.25252902507781982 0.71096253395080566 0.99992185831069946 0.23591050505638123 0.2237599790096283
layer 16 16 relu
-0.60081136226654053 -0.42841950058937073 0.31089326739311218 0.0057648401707410812 -0.20672023296356201 0.0023160290438681841 0.72294318675994873 0.14622451364994049 0.55401772260665894 -0.070097796618938446 0.36398029327392578 -0.30337268114089966 -0.10596264153718948 0.041664630174636841 0.057871419936418533 -0.53139066696166992
-0.020336126908659935 -0.151589035987854 0.27122780680656433 -0.21181432902812958 -0.97747081518173218 0.4265817403793335 0.58453607559204102 -0.57441884279251099 0.13998846709728241 0.30018100142478943 -0.0054625896736979485 0.76369643211364746 0.27439093589782715 -0.016682548448443413 -0.70299100875854492 0.12986445426940918
-0.58376139402389526 -0.41515189409255981 0.34776121377944946 -0.30149289965629578 -1.6000301837921143 -0.13779443502426147 0.23373872041702271 0.48265674710273743 0.12436378747224808 0.015237716026604176 -0.39384150505065918 0.17123851180076599 -0.16562744975090027 0.48737934231758118 0.98468893766403198 -0.4679318368434906
-0.12209642678499222 -0.26625603437423706 0.23314289748668671 -0.33844619989395142 -0.77191627025604248 0.001505165477283299 0.04594222828745842 -0.54511761665344238 0.14161877334117889 0.56815844774246216 -0.13008056581020355 0.16052664816379547 -0.064867012202739716 0.34660834074020386 0.18023405969142914 0.41735854744911194
0.47579020261764526 0.40573874115943909 -0.45512959361076355 -0.43216580152511597 0.011091331019997597 -0.021849408745765686 0.24340328574180603 0.15706191956996918 -1.5056368112564087 0.37070584297180176 0.31933549046516418 -0.13651284575462341 -0.51339089870452881 0.6707492470741272 -0.040079127997159958 0.36962348222732544
-0.29236534237861633 0.033904138952493668 -0.26512879133224487 -0.16532599925994873 -0.1434568464756012 -0.11472532898187637 -0.10251772403717041 0.14103862643241882 -0.068420678377151489 0.11986455321311951 0.060799986124038696 -0.24450682103633881 0.035791806876659393 -0.25601425766944885 -0.20602679252624512 -0.025943446904420853
-0.023680489510297775 0.63874995708465576 -0.15222172439098358 -0.86709690093994141 0.310433030128479 -0.44001761078834534 0.67808789014816284 0.24601958692073822 0.40291845798492432 -0.2543453574180603 -0.66892588138580322 0.72977620363235474 -0.42484068870544434 -0.21300776302814484 0.11578802019357681 0.057085320353507996
-0.8489118218421936 0.085082665085792542 0.43712276220321655 -0.25638225674629211 -0.88988798856735229 0.20935395359992981 0.28987282514572144 0.039186015725135803 0.43400686979293823 0.33533051609992981 -0.41267085075378418 0.21978956460952759 0.41484490036964417 0.15616323053836823 -0.10908841341733932 0.29659327864646912
-0.29884502291679382 0.19114178419113159 0.28202837705612183 -0.48304080963134766 0.14555275440216064 0.05204593762755394 0.45790824294090271 0.22914820909500122 0.1873835027217865 -0.42029917240142822 -0.85843276977539062 0.7105410099029541 -0.49132224917411804 0.37002202868461609 -0.5921776294708252 0.57106071710586548
0.11313246935606003 -0.011870299465954304 0.0049082520417869091 0.36784395575523376 -0.50221997499465942 0.16966082155704498 -0.09353020042181015 -0.30259111523628235 0.80310100317001343 -0.64781612157821655 0.21417208015918732 -0.50873380899429321 -0.055655725300312042 0.20520332455635071 -0.14683625102043152 0.55196577310562134
-0.563942551612854 0.041173793375492096 -0.59292632341384888 0.36256444454193115 0.6591145396232605 0.017916759476065636 0.077854692935943604 -0.42391934990882874 0.61066687107086182 -0.037241525948047638 0.32882475852966309 0.0058894511312246323 -0.41734898090362549 0.82492291927337646 0.15696579217910767 0.4039517343044281
0.14818765223026276 0.27735882997512817 -0.23735368251800537 -0.059520762413740158 0.66285377740859985 0.47997373342514038 -0.19739949703216553 -0.45430168509483337 0.38699859380722046 -0.66698640584945679 0.016997000202536583 -0.23915541172027588 0.62704181671142578 0.39525598287582397 -0.64779859781265259 0.022850994020700455
0.3345562219619751 0.60642439126968384 -1.2087891101837158 0.40562477707862854 0.87234288454055786 -0.30554723739624023 -0.44307634234428406 0.2963375449180603 -0.29318603873252869 0.26502823829650879 0.22359991073608398 -0.32596167922019958 0.3724592924118042 0.43805164098739624 -0.88311076164245605 0.28546401858329773
-0.84113514423370361 0.17444837093353271 0.19852112233638763 -0.3352448046207428 -2.2224762439727783 -0.044200312346220016 0.015369342640042305 0.23344123363494873 -0.30046296119689941 -6.6927804946899414 -0.7694169282913208 0.22386039793491364 -0.19883245229721069 -0.041554015129804611 0.5079805850982666 -1.9269318580627441
-1.0136961936950684 0.42169991135597229 -0.27427825331687927 -0.18823069334030151 0.81719112396240234 0.13981682062149048 -0.048857875168323517 -0.89683276414871216 -0.11892334371805191 0.30470374226570129 0.039491754025220871 0.1507352888584137 0.51571005582809448 0.079987414181232452 -0.049829993396997452 0.12913051247596741
0.72038251161575317 0.29546129703521729 0.16596154868602753 -0.088558614253997803 -0.25443547964096069 0.92475849390029907 0.91933292150497437 -0.50048655271530151 -0.15430156886577606 0.20576222240924835 -0.53187179565429688 0.32814529538154602 0.36289697885513306 -0.46623045206069946 -0.76721823215484619 0.12965305149555206
0.76720845699310303 0.55843693017959595 -0.053572706878185272 0.44550004601478577 0.47846463322639465 -0.28396719694137573 -0.18319934606552124 0.35833311080932617 -0.34588843584060669 0.24543476104736328 0.13536578416824341 0.18658740818500519 0.1803220808506012 0.27607941627502441 -0.15799936652183533 0.070562742650508881
layer 16 1 sigmoid
-0.52584719657897949 -0.77255928516387939 0.71707367897033691 0.60745656490325928 -0.53410589694976807 -0.059408437460660934 0.73963308334350586 0.50301164388656616 0.82607930898666382 -0.7217448353767395 0.54406285285949707 -0.73009878396987915 0.45252418518066406 -1.0977088212966919 -0.71224701404571533 0.88021838665008545
0.13686156272888184
